0,+Inf,NaN,NaN,NaN,NaN,NaN
1,0.166963,0.166304,0.167007,0.166367,0.166956,0.166404
2,0.166782,0.166494,0.166676,0.166832,0.166998,0.166218
3,0.166711,0.166503,0.166774,0.166625,0.166954,0.166434
4,0.166710,0.166612,0.166844,0.166676,0.166836,0.166322
5,0.166697,0.166651,0.166695,0.166783,0.166753,0.166421
6,0.166673,0.166709,0.166631,0.166749,0.166745,0.166493
7,0.166739,0.166690,0.166570,0.166795,0.166713,0.166493
8,0.166713,0.166728,0.166521,0.166783,0.166810,0.166445
9,0.166647,0.166784,0.166521,0.166736,0.166838,0.166475
10,0.166686,0.166761,0.166541,0.166745,0.166752,0.166516
11,0.166706,0.166802,0.166501,0.166750,0.166727,0.166513
12,0.166773,0.166778,0.166509,0.166707,0.166763,0.166471
13,0.166783,0.166710,0.166540,0.166724,0.166796,0.166447
14,0.166752,0.166719,0.166506,0.166767,0.166799,0.166458
15,0.166764,0.166680,0.166561,0.166722,0.166780,0.166492
16,0.166784,0.166619,0.166604,0.166708,0.166774,0.166512
17,0.166751,0.166613,0.166621,0.166755,0.166755,0.166504
18,0.166736,0.166620,0.166602,0.166746,0.166771,0.166524
19,0.166740,0.166624,0.166566,0.166757,0.166760,0.166554
20,0.166711,0.166610,0.166559,0.166769,0.166782,0.166570
21,0.166703,0.166636,0.166580,0.166765,0.166764,0.166552
22,0.166687,0.166625,0.166589,0.166776,0.166775,0.166548
23,0.166692,0.166638,0.166606,0.166770,0.166783,0.166510
24,0.166699,0.166628,0.166642,0.166763,0.166767,0.166501
25,0.166704,0.166624,0.166627,0.166759,0.166766,0.166520
26,0.166716,0.166619,0.166628,0.166746,0.166761,0.166531
27,0.166683,0.166636,0.166636,0.166739,0.166757,0.166548
28,0.166703,0.166618,0.166640,0.166738,0.166761,0.166540
29,0.166721,0.166612,0.166652,0.166730,0.166758,0.166527
30,0.166716,0.166621,0.166674,0.166742,0.166740,0.166506
31,0.166712,0.166652,0.166660,0.166737,0.166742,0.166497
32,0.166719,0.166663,0.166632,0.166756,0.166732,0.166498
33,0.166724,0.166662,0.166633,0.166749,0.166733,0.166499
34,0.166730,0.166651,0.166628,0.166749,0.166728,0.166515
35,0.166729,0.166659,0.166631,0.166742,0.166725,0.166514
36,0.166712,0.166659,0.166651,0.166740,0.166730,0.166507
37,0.166715,0.166663,0.166641,0.166750,0.166731,0.166500
38,0.166721,0.166661,0.166644,0.166744,0.166726,0.166503
39,0.166705,0.166661,0.166664,0.166743,0.166724,0.166503
40,0.166707,0.166651,0.166664,0.166733,0.166743,0.166502
41,0.166700,0.166636,0.166680,0.166741,0.166733,0.166509
42,0.166703,0.166630,0.166690,0.166743,0.166722,0.166513
43,0.166698,0.166636,0.166689,0.166738,0.166717,0.166522
44,0.166697,0.166640,0.166693,0.166728,0.166711,0.166532
45,0.166684,0.166638,0.166688,0.166741,0.166722,0.166527
46,0.166707,0.166627,0.166694,0.166728,0.166721,0.166523
47,0.166706,0.166628,0.166694,0.166725,0.166716,0.166531
48,0.166704,0.166628,0.166688,0.166725,0.166731,0.166524
49,0.166698,0.166630,0.166690,0.166722,0.166727,0.166533
50,0.166694,0.166632,0.166700,0.166720,0.166730,0.166524
51,0.166679,0.166627,0.166696,0.166734,0.166738,0.166526
52,0.166682,0.166627,0.166691,0.166735,0.166744,0.166521
53,0.166678,0.166638,0.166688,0.166743,0.166740,0.166513
54,0.166694,0.166635,0.166680,0.166735,0.166733,0.166524
55,0.166696,0.166637,0.166682,0.166736,0.166723,0.166526
56,0.166706,0.166640,0.166687,0.166720,0.166719,0.166528
57,0.166694,0.166645,0.166684,0.166716,0.166725,0.166535
58,0.166696,0.166647,0.166674,0.166715,0.166731,0.166537
59,0.166698,0.166652,0.166677,0.166713,0.166718,0.166543
60,0.166699,0.166656,0.166673,0.166714,0.166709,0.166549
61,0.166693,0.166649,0.166677,0.166721,0.166711,0.166550
62,0.166687,0.166650,0.166687,0.166725,0.166704,0.166547
63,0.166682,0.166651,0.166692,0.166723,0.166705,0.166547
64,0.166689,0.166652,0.166686,0.166723,0.166707,0.166543
65,0.166687,0.166642,0.166675,0.166736,0.166722,0.166537
66,0.166691,0.166639,0.166671,0.166729,0.166723,0.166547
67,0.166685,0.166631,0.166674,0.166735,0.166728,0.166547
68,0.166686,0.166642,0.166669,0.166736,0.166724,0.166543
69,0.166689,0.166640,0.166668,0.166731,0.166717,0.166556
70,0.166688,0.166637,0.166665,0.166728,0.166727,0.166555
71,0.166687,0.166629,0.166670,0.166728,0.166725,0.166560
72,0.166688,0.166621,0.166661,0.166739,0.166726,0.166566
73,0.166687,0.166626,0.166661,0.166730,0.166726,0.166570
74,0.166682,0.166626,0.166662,0.166721,0.166732,0.166577
75,0.166680,0.166626,0.166662,0.166718,0.166735,0.166578
76,0.166684,0.166621,0.166665,0.166719,0.166742,0.166569
77,0.166682,0.166623,0.166665,0.166724,0.166732,0.166575
78,0.166691,0.166620,0.166675,0.166723,0.166723,0.166567
79,0.166696,0.166620,0.166677,0.166720,0.166718,0.166568
80,0.166705,0.166626,0.166669,0.166718,0.166714,0.166569
81,0.166703,0.166624,0.166677,0.166715,0.166709,0.166572
82,0.166710,0.166618,0.166675,0.166714,0.166713,0.166569
83,0.166711,0.166622,0.166674,0.166711,0.166708,0.166574
84,0.166711,0.166622,0.166676,0.166710,0.166707,0.166574
85,0.166712,0.166621,0.166677,0.166717,0.166693,0.166580
86,0.166716,0.166613,0.166680,0.166716,0.166693,0.166582
87,0.166710,0.166612,0.166682,0.166719,0.166684,0.166593
88,0.166710,0.166616,0.166674,0.166718,0.166684,0.166598
89,0.166705,0.166617,0.166671,0.166713,0.166690,0.166606
90,0.166709,0.166622,0.166668,0.166710,0.166687,0.166605
91,0.166708,0.166619,0.166668,0.166714,0.166682,0.166611
92,0.166701,0.166621,0.166669,0.166715,0.166685,0.166608
93,0.166703,0.166623,0.166673,0.166707,0.166688,0.166605
94,0.166704,0.166625,0.166668,0.166709,0.166685,0.166609
95,0.166705,0.166631,0.166665,0.166700,0.166686,0.166612
96,0.166694,0.166634,0.166667,0.166703,0.166688,0.166613
97,0.166692,0.166628,0.166670,0.166710,0.166684,0.166616
98,0.166697,0.166632,0.166668,0.166711,0.166679,0.166613
99,0.166698,0.166630,0.166665,0.166713,0.166683,0.166612
100,0.166696,0.166632,0.166664,0.166716,0.166687,0.166605
101,0.166700,0.166630,0.166666,0.166715,0.166690,0.166599
102,0.166697,0.166633,0.166665,0.166719,0.166689,0.166597
103,0.166692,0.166632,0.166661,0.166727,0.166683,0.166605
104,0.166694,0.166634,0.166662,0.166724,0.166681,0.166605
105,0.166690,0.166634,0.166657,0.166725,0.166688,0.166606
106,0.166688,0.166637,0.166654,0.166727,0.166690,0.166604
107,0.166685,0.166639,0.166651,0.166724,0.166695,0.166606
108,0.166688,0.166644,0.166650,0.166721,0.166690,0.166606
109,0.166687,0.166645,0.166646,0.166723,0.166689,0.166610
110,0.166688,0.166648,0.166645,0.166720,0.166691,0.166607
111,0.166684,0.166648,0.166647,0.166720,0.166690,0.166611
112,0.166683,0.166653,0.166648,0.166725,0.166683,0.166608
113,0.166685,0.166656,0.166644,0.166722,0.166681,0.166612
114,0.166682,0.166657,0.166646,0.166721,0.166683,0.166613
115,0.166684,0.166657,0.166654,0.166713,0.166680,0.166611
116,0.166681,0.166652,0.166659,0.166713,0.166677,0.166617
117,0.166679,0.166655,0.166665,0.166710,0.166674,0.166617
118,0.166686,0.166654,0.166665,0.166703,0.166676,0.166615
119,0.166686,0.166657,0.166667,0.166703,0.166673,0.166614
120,0.166677,0.166663,0.166670,0.166703,0.166670,0.166616
121,0.166677,0.166664,0.166667,0.166706,0.166672,0.166615
122,0.166680,0.166657,0.166672,0.166710,0.166669,0.166612
123,0.166680,0.166660,0.166675,0.166705,0.166669,0.166612
124,0.166676,0.166655,0.166669,0.166712,0.166672,0.166615
125,0.166675,0.166657,0.166673,0.166710,0.166671,0.166614
126,0.166671,0.166659,0.166669,0.166711,0.166676,0.166614
127,0.166671,0.166661,0.166666,0.166710,0.166677,0.166616
128,0.166676,0.166660,0.166662,0.166710,0.166679,0.166612
129,0.166674,0.166659,0.166663,0.166708,0.166683,0.166612
130,0.166676,0.166662,0.166665,0.166705,0.166681,0.166612
131,0.166677,0.166663,0.166663,0.166700,0.166682,0.166614
132,0.166675,0.166664,0.166664,0.166700,0.166681,0.166615
133,0.166674,0.166670,0.166664,0.166701,0.166681,0.166610
134,0.166675,0.166671,0.166661,0.166704,0.166681,0.166608
135,0.166676,0.166669,0.166658,0.166701,0.166679,0.166616
136,0.166677,0.166672,0.166658,0.166695,0.166679,0.166619
137,0.166680,0.166675,0.166659,0.166690,0.166678,0.166618
138,0.166679,0.166675,0.166660,0.166687,0.166675,0.166624
139,0.166681,0.166678,0.166657,0.166689,0.166674,0.166622
140,0.166679,0.166677,0.166658,0.166691,0.166671,0.166624
141,0.166680,0.166680,0.166655,0.166693,0.166670,0.166621
142,0.166681,0.166687,0.166649,0.166692,0.166669,0.166622
143,0.166683,0.166690,0.166648,0.166690,0.166668,0.166621
144,0.166684,0.166689,0.166647,0.166693,0.166666,0.166622
145,0.166686,0.166696,0.166646,0.166690,0.166663,0.166620
146,0.166680,0.166697,0.166649,0.166690,0.166664,0.166621
147,0.166682,0.166698,0.166646,0.166691,0.166664,0.166620
148,0.166684,0.166698,0.166645,0.166693,0.166661,0.166620
149,0.166683,0.166696,0.166646,0.166694,0.166661,0.166620
150,0.166684,0.166696,0.166646,0.166693,0.166660,0.166621
151,0.166684,0.166695,0.166647,0.166694,0.166662,0.166617
152,0.166686,0.166694,0.166650,0.166688,0.166664,0.166618
153,0.166684,0.166695,0.166649,0.166686,0.166668,0.166619
154,0.166681,0.166700,0.166653,0.166684,0.166667,0.166615
155,0.166680,0.166700,0.166656,0.166685,0.166668,0.166611
156,0.166676,0.166707,0.166655,0.166682,0.166667,0.166612
157,0.166674,0.166703,0.166656,0.166684,0.166670,0.166612
158,0.166673,0.166705,0.166655,0.166685,0.166667,0.166614
159,0.166677,0.166705,0.166659,0.166683,0.166666,0.166610
160,0.166678,0.166703,0.166658,0.166682,0.166666,0.166613
161,0.166678,0.166703,0.166661,0.166680,0.166664,0.166614
162,0.166677,0.166702,0.166661,0.166681,0.166660,0.166618
163,0.166679,0.166705,0.166659,0.166677,0.166662,0.166619
164,0.166683,0.166705,0.166660,0.166674,0.166658,0.166620
165,0.166681,0.166706,0.166662,0.166676,0.166658,0.166617
166,0.166677,0.166706,0.166661,0.166677,0.166659,0.166619
167,0.166675,0.166709,0.166664,0.166675,0.166660,0.166617
168,0.166673,0.166709,0.166663,0.166676,0.166664,0.166615
169,0.166674,0.166706,0.166664,0.166675,0.166668,0.166614
170,0.166674,0.166708,0.166666,0.166676,0.166664,0.166613
171,0.166673,0.166704,0.166668,0.166677,0.166668,0.166609
172,0.166671,0.166707,0.166667,0.166678,0.166668,0.166608
173,0.166669,0.166708,0.166669,0.166677,0.166670,0.166607
174,0.166670,0.166703,0.166672,0.166676,0.166667,0.166611
175,0.166668,0.166703,0.166672,0.166680,0.166669,0.166608
176,0.166667,0.166702,0.166672,0.166679,0.166671,0.166609
177,0.166670,0.166699,0.166672,0.166679,0.166673,0.166607
178,0.166665,0.166698,0.166673,0.166682,0.166673,0.166609
179,0.166667,0.166697,0.166674,0.166680,0.166674,0.166608
180,0.166668,0.166696,0.166676,0.166681,0.166671,0.166608
181,0.166667,0.166698,0.166680,0.166681,0.166668,0.166607
182,0.166665,0.166699,0.166682,0.166679,0.166671,0.166605
183,0.166668,0.166699,0.166682,0.166679,0.166671,0.166603
184,0.166667,0.166699,0.166681,0.166679,0.166673,0.166600
185,0.166668,0.166699,0.166683,0.166680,0.166670,0.166600
186,0.166667,0.166697,0.166685,0.166679,0.166671,0.166600
187,0.166668,0.166697,0.166684,0.166681,0.166671,0.166600
188,0.166668,0.166694,0.166687,0.166684,0.166670,0.166598
189,0.166669,0.166692,0.166686,0.166683,0.166670,0.166600
190,0.166669,0.166691,0.166689,0.166678,0.166670,0.166602
191,0.166670,0.166691,0.166690,0.166676,0.166671,0.166601
192,0.166667,0.166695,0.166688,0.166674,0.166671,0.166604
193,0.166666,0.166696,0.166689,0.166675,0.166668,0.166605
194,0.166666,0.166697,0.166691,0.166676,0.166670,0.166600
195,0.166671,0.166695,0.166692,0.166676,0.166668,0.166598
196,0.166670,0.166695,0.166694,0.166672,0.166669,0.166600
197,0.166670,0.166695,0.166693,0.166674,0.166668,0.166601
198,0.166669,0.166697,0.166695,0.166669,0.166667,0.166603
199,0.166668,0.166695,0.166693,0.166670,0.166668,0.166606
200,0.166668,0.166694,0.166692,0.166670,0.166668,0.166608
201,0.166667,0.166690,0.166694,0.166671,0.166668,0.166610
202,0.166669,0.166689,0.166693,0.166670,0.166667,0.166612
203,0.166668,0.166691,0.166690,0.166670,0.166668,0.166614
204,0.166665,0.166691,0.166689,0.166670,0.166671,0.166614
205,0.166663,0.166691,0.166690,0.166671,0.166670,0.166614
206,0.166663,0.166690,0.166689,0.166674,0.166670,0.166614
207,0.166665,0.166687,0.166687,0.166675,0.166672,0.166614
208,0.166666,0.166687,0.166685,0.166674,0.166671,0.166617
209,0.166669,0.166685,0.166683,0.166674,0.166671,0.166617
210,0.166667,0.166686,0.166682,0.166675,0.166670,0.166619
211,0.166666,0.166684,0.166683,0.166674,0.166674,0.166618
212,0.166665,0.166684,0.166683,0.166677,0.166673,0.166619
213,0.166667,0.166683,0.166681,0.166676,0.166675,0.166618
214,0.166666,0.166682,0.166681,0.166678,0.166676,0.166617
215,0.166667,0.166682,0.166680,0.166678,0.166676,0.166618
216,0.166665,0.166684,0.166679,0.166679,0.166675,0.166618
217,0.166666,0.166685,0.166680,0.166681,0.166672,0.166617
218,0.166664,0.166688,0.166678,0.166681,0.166674,0.166615
219,0.166661,0.166690,0.166680,0.166679,0.166672,0.166617
220,0.166663,0.166686,0.166683,0.166680,0.166673,0.166616
221,0.166663,0.166686,0.166681,0.166683,0.166669,0.166618
222,0.166663,0.166687,0.166681,0.166685,0.166671,0.166614
223,0.166663,0.166685,0.166685,0.166684,0.166669,0.166613
224,0.166662,0.166685,0.166687,0.166683,0.166670,0.166613
225,0.166662,0.166686,0.166689,0.166679,0.166670,0.166614
226,0.166664,0.166684,0.166688,0.166679,0.166671,0.166614
227,0.166665,0.166686,0.166686,0.166677,0.166669,0.166617
228,0.166667,0.166684,0.166687,0.166677,0.166668,0.166618
229,0.166664,0.166684,0.166689,0.166676,0.166669,0.166618
230,0.166666,0.166684,0.166691,0.166676,0.166668,0.166616
231,0.166664,0.166687,0.166691,0.166674,0.166667,0.166617
232,0.166664,0.166686,0.166693,0.166673,0.166668,0.166617
233,0.166664,0.166684,0.166694,0.166673,0.166668,0.166617
234,0.166665,0.166682,0.166694,0.166671,0.166671,0.166617
235,0.166664,0.166682,0.166695,0.166673,0.166671,0.166616
236,0.166666,0.166680,0.166695,0.166672,0.166672,0.166615
237,0.166669,0.166677,0.166694,0.166673,0.166672,0.166615
238,0.166670,0.166673,0.166695,0.166674,0.166672,0.166617
239,0.166670,0.166673,0.166695,0.166673,0.166672,0.166617
240,0.166670,0.166676,0.166694,0.166672,0.166671,0.166617
241,0.166669,0.166675,0.166694,0.166671,0.166674,0.166618
242,0.166671,0.166675,0.166695,0.166672,0.166671,0.166617
243,0.166670,0.166672,0.166695,0.166673,0.166672,0.166618
244,0.166671,0.166672,0.166695,0.166674,0.166671,0.166617
245,0.166673,0.166671,0.166695,0.166673,0.166670,0.166618
246,0.166674,0.166673,0.166694,0.166673,0.166669,0.166617
247,0.166676,0.166667,0.166695,0.166673,0.166670,0.166618
248,0.166677,0.166667,0.166696,0.166671,0.166669,0.166619
249,0.166677,0.166669,0.166695,0.166671,0.166668,0.166619
250,0.166676,0.166669,0.166695,0.166672,0.166669,0.166620
251,0.166675,0.166669,0.166697,0.166670,0.166669,0.166620
252,0.166674,0.166668,0.166697,0.166672,0.166671,0.166618
253,0.166673,0.166668,0.166695,0.166673,0.166671,0.166621
254,0.166675,0.166668,0.166693,0.166673,0.166671,0.166619
255,0.166676,0.166667,0.166694,0.166673,0.166671,0.166618
256,0.166676,0.166668,0.166694,0.166674,0.166670,0.166619
257,0.166676,0.166670,0.166694,0.166673,0.166668,0.166618
258,0.166678,0.166669,0.166695,0.166672,0.166666,0.166621
259,0.166677,0.166668,0.166695,0.166671,0.166669,0.166621
260,0.166678,0.166667,0.166694,0.166669,0.166670,0.166622
261,0.166680,0.166667,0.166693,0.166668,0.166671,0.166622
262,0.166680,0.166668,0.166693,0.166666,0.166673,0.166620
263,0.166681,0.166667,0.166693,0.166668,0.166672,0.166620
264,0.166683,0.166666,0.166693,0.166668,0.166671,0.166620
265,0.166683,0.166666,0.166692,0.166669,0.166671,0.166619
266,0.166685,0.166666,0.166691,0.166670,0.166672,0.166616
267,0.166685,0.166663,0.166694,0.166672,0.166672,0.166614
268,0.166683,0.166663,0.166696,0.166670,0.166672,0.166616
269,0.166681,0.166664,0.166697,0.166668,0.166672,0.166617
270,0.166681,0.166666,0.166694,0.166665,0.166675,0.166618
271,0.166679,0.166669,0.166695,0.166665,0.166674,0.166619
272,0.166680,0.166669,0.166694,0.166666,0.166672,0.166619
273,0.166679,0.166668,0.166694,0.166667,0.166671,0.166621
274,0.166678,0.166668,0.166693,0.166667,0.166671,0.166622
275,0.166679,0.166667,0.166691,0.166668,0.166673,0.166623
276,0.166680,0.166667,0.166690,0.166667,0.166672,0.166623
277,0.166681,0.166666,0.166691,0.166667,0.166672,0.166622
278,0.166681,0.166666,0.166689,0.166667,0.166673,0.166624
279,0.166681,0.166667,0.166688,0.166666,0.166674,0.166624
280,0.166681,0.166666,0.166689,0.166667,0.166673,0.166623
281,0.166679,0.166668,0.166689,0.166669,0.166673,0.166621
282,0.166680,0.166666,0.166687,0.166669,0.166675,0.166623
283,0.166681,0.166665,0.166688,0.166668,0.166674,0.166625
284,0.166680,0.166665,0.166688,0.166667,0.166674,0.166625
285,0.166680,0.166664,0.166690,0.166668,0.166671,0.166627
286,0.166681,0.166663,0.166689,0.166668,0.166672,0.166627
287,0.166682,0.166662,0.166688,0.166668,0.166674,0.166626
288,0.166683,0.166662,0.166688,0.166668,0.166674,0.166625
289,0.166683,0.166664,0.166687,0.166668,0.166673,0.166626
290,0.166683,0.166663,0.166685,0.166669,0.166673,0.166627
291,0.166683,0.166664,0.166685,0.166669,0.166674,0.166625
292,0.166683,0.166665,0.166685,0.166668,0.166675,0.166624
293,0.166683,0.166667,0.166685,0.166667,0.166675,0.166623
294,0.166682,0.166667,0.166685,0.166669,0.166674,0.166623
295,0.166683,0.166666,0.166685,0.166669,0.166673,0.166624
296,0.166682,0.166667,0.166685,0.166667,0.166674,0.166626
297,0.166684,0.166665,0.166685,0.166668,0.166673,0.166625
298,0.166684,0.166665,0.166685,0.166670,0.166673,0.166623
299,0.166683,0.166664,0.166685,0.166669,0.166673,0.166625
300,0.166684,0.166663,0.166684,0.166668,0.166676,0.166625
301,0.166683,0.166665,0.166683,0.166669,0.166676,0.166624
302,0.166683,0.166667,0.166681,0.166668,0.166677,0.166624
303,0.166683,0.166667,0.166679,0.166668,0.166679,0.166625
304,0.166683,0.166666,0.166678,0.166667,0.166678,0.166628
305,0.166683,0.166664,0.166679,0.166667,0.166679,0.166629
306,0.166683,0.166662,0.166678,0.166667,0.166681,0.166629
307,0.166682,0.166663,0.166679,0.166667,0.166680,0.166630
308,0.166682,0.166663,0.166679,0.166666,0.166681,0.166629
309,0.166683,0.166661,0.166678,0.166666,0.166683,0.166628
310,0.166682,0.166662,0.166679,0.166668,0.166682,0.166628
311,0.166682,0.166662,0.166678,0.166668,0.166681,0.166629
312,0.166681,0.166664,0.166677,0.166669,0.166682,0.166627
313,0.166681,0.166665,0.166677,0.166667,0.166685,0.166625
314,0.166681,0.166663,0.166677,0.166668,0.166685,0.166628
315,0.166680,0.166663,0.166677,0.166668,0.166685,0.166627
316,0.166680,0.166665,0.166676,0.166668,0.166684,0.166627
317,0.166678,0.166663,0.166676,0.166669,0.166683,0.166630
318,0.166678,0.166665,0.166676,0.166669,0.166682,0.166630
319,0.166677,0.166665,0.166677,0.166670,0.166682,0.166629
320,0.166678,0.166666,0.166677,0.166669,0.166681,0.166629
321,0.166677,0.166666,0.166677,0.166668,0.166682,0.166631
322,0.166677,0.166664,0.166677,0.166670,0.166681,0.166631
323,0.166679,0.166665,0.166676,0.166672,0.166678,0.166630
324,0.166678,0.166666,0.166678,0.166672,0.166680,0.166627
325,0.166678,0.166666,0.166676,0.166672,0.166680,0.166628
326,0.166679,0.166666,0.166675,0.166672,0.166680,0.166628
327,0.166679,0.166665,0.166676,0.166670,0.166682,0.166629
328,0.166678,0.166665,0.166677,0.166669,0.166683,0.166628
329,0.166677,0.166663,0.166677,0.166670,0.166684,0.166629
330,0.166675,0.166664,0.166677,0.166672,0.166685,0.166628
331,0.166675,0.166663,0.166676,0.166673,0.166683,0.166629
332,0.166677,0.166664,0.166674,0.166673,0.166683,0.166629
333,0.166678,0.166663,0.166675,0.166673,0.166683,0.166629
334,0.166676,0.166663,0.166674,0.166673,0.166683,0.166631
335,0.166675,0.166663,0.166674,0.166672,0.166685,0.166632
336,0.166676,0.166663,0.166674,0.166671,0.166685,0.166631
337,0.166676,0.166663,0.166672,0.166670,0.166685,0.166633
338,0.166675,0.166662,0.166672,0.166672,0.166684,0.166634
339,0.166675,0.166663,0.166673,0.166672,0.166684,0.166633
340,0.166674,0.166664,0.166675,0.166671,0.166683,0.166633
341,0.166676,0.166664,0.166675,0.166671,0.166683,0.166631
342,0.166675,0.166664,0.166678,0.166670,0.166683,0.166630
343,0.166676,0.166664,0.166679,0.166670,0.166682,0.166630
344,0.166675,0.166664,0.166681,0.166669,0.166681,0.166629
345,0.166675,0.166664,0.166681,0.166670,0.166682,0.166628
346,0.166675,0.166665,0.166679,0.166671,0.166682,0.166628
347,0.166676,0.166661,0.166678,0.166673,0.166683,0.166628
348,0.166674,0.166660,0.166677,0.166673,0.166685,0.166631
349,0.166672,0.166658,0.166677,0.166675,0.166686,0.166631
350,0.166672,0.166658,0.166677,0.166676,0.166687,0.166631
351,0.166672,0.166659,0.166675,0.166676,0.166688,0.166630
352,0.166672,0.166659,0.166676,0.166678,0.166687,0.166628
353,0.166670,0.166660,0.166677,0.166678,0.166686,0.166630
354,0.166669,0.166660,0.166676,0.166679,0.166685,0.166631
355,0.166669,0.166660,0.166674,0.166676,0.166687,0.166633
356,0.166668,0.166659,0.166675,0.166677,0.166687,0.166634
357,0.166666,0.166659,0.166674,0.166679,0.166687,0.166634
358,0.166667,0.166660,0.166673,0.166682,0.166685,0.166633
359,0.166668,0.166658,0.166673,0.166681,0.166687,0.166634
360,0.166667,0.166657,0.166673,0.166681,0.166687,0.166634
361,0.166668,0.166656,0.166673,0.166681,0.166690,0.166632
362,0.166668,0.166655,0.166675,0.166681,0.166689,0.166633
363,0.166669,0.166655,0.166674,0.166683,0.166688,0.166632
364,0.166669,0.166654,0.166674,0.166684,0.166687,0.166631
365,0.166669,0.166653,0.166673,0.166684,0.166688,0.166633
366,0.166668,0.166651,0.166673,0.166684,0.166688,0.166635
367,0.166669,0.166653,0.166672,0.166684,0.166688,0.166635
368,0.166669,0.166653,0.166672,0.166683,0.166689,0.166634
369,0.166669,0.166655,0.166671,0.166682,0.166688,0.166635
370,0.166668,0.166653,0.166671,0.166683,0.166689,0.166635
371,0.166669,0.166653,0.166670,0.166683,0.166690,0.166636
372,0.166670,0.166653,0.166668,0.166683,0.166689,0.166637
373,0.166670,0.166652,0.166667,0.166683,0.166691,0.166636
374,0.166672,0.166652,0.166667,0.166682,0.166690,0.166636
375,0.166671,0.166652,0.166667,0.166683,0.166689,0.166636
376,0.166671,0.166651,0.166668,0.166684,0.166689,0.166636
377,0.166672,0.166651,0.166668,0.166682,0.166690,0.166637
378,0.166672,0.166652,0.166667,0.166682,0.166690,0.166638
379,0.166671,0.166652,0.166667,0.166682,0.166690,0.166638
380,0.166671,0.166652,0.166665,0.166683,0.166691,0.166638
381,0.166670,0.166653,0.166665,0.166683,0.166691,0.166637
382,0.166670,0.166653,0.166666,0.166682,0.166690,0.166638
383,0.166672,0.166653,0.166665,0.166682,0.166690,0.166639
384,0.166672,0.166654,0.166665,0.166683,0.166688,0.166637
385,0.166671,0.166656,0.166667,0.166682,0.166688,0.166637
386,0.166670,0.166656,0.166666,0.166682,0.166687,0.166639
387,0.166671,0.166658,0.166664,0.166681,0.166687,0.166640
388,0.166670,0.166656,0.166664,0.166681,0.166688,0.166641
389,0.166670,0.166657,0.166665,0.166679,0.166688,0.166641
390,0.166669,0.166656,0.166664,0.166679,0.166688,0.166643
391,0.166671,0.166657,0.166665,0.166677,0.166688,0.166643
392,0.166669,0.166658,0.166664,0.166679,0.166687,0.166643
393,0.166667,0.166658,0.166665,0.166679,0.166686,0.166645
394,0.166667,0.166658,0.166665,0.166678,0.166686,0.166645
395,0.166668,0.166659,0.166663,0.166677,0.166685,0.166646
396,0.166669,0.166658,0.166664,0.166678,0.166685,0.166646
397,0.166669,0.166660,0.166663,0.166677,0.166686,0.166645
398,0.166668,0.166660,0.166664,0.166678,0.166686,0.166645
399,0.166669,0.166659,0.166663,0.166677,0.166686,0.166645
400,0.166670,0.166659,0.166662,0.166677,0.166685,0.166647
401,0.166669,0.166659,0.166662,0.166678,0.166685,0.166647
402,0.166669,0.166657,0.166663,0.166678,0.166685,0.166647
403,0.166669,0.166657,0.166663,0.166679,0.166688,0.166645
404,0.166669,0.166657,0.166663,0.166679,0.166689,0.166643
405,0.166668,0.166658,0.166664,0.166679,0.166689,0.166643
406,0.166668,0.166657,0.166665,0.166678,0.166688,0.166644
407,0.166667,0.166656,0.166665,0.166677,0.166689,0.166646
408,0.166667,0.166656,0.166665,0.166677,0.166688,0.166646
409,0.166665,0.166658,0.166665,0.166677,0.166688,0.166647
410,0.166663,0.166659,0.166666,0.166677,0.166688,0.166647
411,0.166663,0.166658,0.166666,0.166677,0.166689,0.166647
412,0.166663,0.166657,0.166667,0.166677,0.166687,0.166648
413,0.166660,0.166658,0.166669,0.166677,0.166687,0.166649
414,0.166660,0.166658,0.166670,0.166676,0.166688,0.166649
415,0.166659,0.166658,0.166670,0.166677,0.166686,0.166650
416,0.166659,0.166657,0.166670,0.166677,0.166686,0.166651
417,0.166659,0.166654,0.166669,0.166678,0.166687,0.166653
418,0.166658,0.166654,0.166671,0.166678,0.166686,0.166653
419,0.166658,0.166655,0.166670,0.166677,0.166686,0.166654
420,0.166656,0.166655,0.166670,0.166677,0.166686,0.166655
421,0.166656,0.166656,0.166671,0.166678,0.166685,0.166654
422,0.166656,0.166655,0.166672,0.166677,0.166685,0.166654
423,0.166658,0.166655,0.166671,0.166677,0.166686,0.166654
424,0.166658,0.166654,0.166672,0.166676,0.166686,0.166654
425,0.166658,0.166654,0.166672,0.166676,0.166685,0.166655
426,0.166657,0.166655,0.166672,0.166676,0.166685,0.166655
427,0.166659,0.166656,0.166672,0.166674,0.166684,0.166654
428,0.166659,0.166657,0.166671,0.166674,0.166685,0.166655
429,0.166660,0.166656,0.166672,0.166674,0.166685,0.166654
430,0.166660,0.166656,0.166673,0.166673,0.166685,0.166653
431,0.166662,0.166657,0.166671,0.166674,0.166685,0.166652
432,0.166661,0.166658,0.166673,0.166672,0.166686,0.166650
433,0.166661,0.166657,0.166672,0.166672,0.166688,0.166650
434,0.166662,0.166656,0.166672,0.166672,0.166689,0.166649
435,0.166663,0.166655,0.166673,0.166671,0.166688,0.166649
436,0.166662,0.166656,0.166675,0.166670,0.166689,0.166649
437,0.166662,0.166656,0.166674,0.166670,0.166690,0.166648
438,0.166660,0.166656,0.166675,0.166669,0.166690,0.166649
439,0.166661,0.166655,0.166675,0.166669,0.166691,0.166648
440,0.166661,0.166656,0.166675,0.166670,0.166689,0.166649
441,0.166659,0.166656,0.166676,0.166671,0.166690,0.166649
442,0.166659,0.166656,0.166675,0.166671,0.166689,0.166649
443,0.166659,0.166656,0.166677,0.166671,0.166688,0.166650
444,0.166658,0.166656,0.166677,0.166670,0.166689,0.166650
445,0.166656,0.166656,0.166678,0.166670,0.166689,0.166651
446,0.166657,0.166657,0.166677,0.166670,0.166688,0.166651
447,0.166658,0.166657,0.166678,0.166669,0.166687,0.166651
448,0.166657,0.166657,0.166678,0.166669,0.166688,0.166651
449,0.166657,0.166657,0.166677,0.166669,0.166688,0.166651
450,0.166659,0.166657,0.166678,0.166668,0.166689,0.166650
451,0.166659,0.166658,0.166678,0.166669,0.166688,0.166648
452,0.166658,0.166657,0.166678,0.166669,0.166688,0.166649
453,0.166658,0.166659,0.166679,0.166669,0.166687,0.166649
454,0.166658,0.166660,0.166678,0.166668,0.166688,0.166648
455,0.166659,0.166659,0.166679,0.166667,0.166688,0.166648
456,0.166658,0.166657,0.166681,0.166668,0.166688,0.166648
457,0.166656,0.166658,0.166682,0.166668,0.166688,0.166649
458,0.166656,0.166657,0.166682,0.166667,0.166689,0.166649
459,0.166655,0.166658,0.166682,0.166667,0.166689,0.166650
460,0.166655,0.166656,0.166681,0.166666,0.166690,0.166651
461,0.166654,0.166657,0.166682,0.166666,0.166691,0.166651
462,0.166654,0.166656,0.166682,0.166666,0.166692,0.166650
463,0.166653,0.166657,0.166683,0.166665,0.166692,0.166650
464,0.166654,0.166656,0.166684,0.166665,0.166691,0.166650
465,0.166654,0.166656,0.166684,0.166665,0.166690,0.166650
466,0.166654,0.166656,0.166684,0.166666,0.166692,0.166649
467,0.166653,0.166655,0.166684,0.166667,0.166691,0.166649
468,0.166653,0.166656,0.166682,0.166668,0.166691,0.166650
469,0.166653,0.166655,0.166684,0.166667,0.166691,0.166650
470,0.166652,0.166656,0.166683,0.166667,0.166691,0.166651
471,0.166651,0.166657,0.166683,0.166668,0.166691,0.166650
472,0.166651,0.166657,0.166683,0.166667,0.166691,0.166650
473,0.166651,0.166656,0.166683,0.166666,0.166692,0.166651
474,0.166652,0.166655,0.166684,0.166667,0.166691,0.166650
475,0.166652,0.166656,0.166685,0.166665,0.166691,0.166650
476,0.166652,0.166656,0.166685,0.166666,0.166691,0.166651
477,0.166652,0.166656,0.166685,0.166665,0.166693,0.166649
478,0.166652,0.166656,0.166685,0.166665,0.166693,0.166649
479,0.166652,0.166657,0.166684,0.166664,0.166693,0.166649
480,0.166653,0.166658,0.166683,0.166664,0.166693,0.166649
481,0.166653,0.166658,0.166683,0.166663,0.166694,0.166649
482,0.166653,0.166659,0.166684,0.166663,0.166693,0.166649
483,0.166654,0.166659,0.166684,0.166663,0.166692,0.166649
484,0.166655,0.166659,0.166685,0.166663,0.166690,0.166648
485,0.166655,0.166659,0.166684,0.166664,0.166689,0.166649
486,0.166654,0.166659,0.166686,0.166664,0.166689,0.166648
487,0.166653,0.166659,0.166685,0.166665,0.166690,0.166648
488,0.166652,0.166660,0.166685,0.166664,0.166689,0.166649
489,0.166652,0.166661,0.166686,0.166665,0.166688,0.166648
490,0.166650,0.166661,0.166687,0.166666,0.166687,0.166649
491,0.166651,0.166661,0.166685,0.166665,0.166688,0.166650
492,0.166651,0.166661,0.166685,0.166666,0.166688,0.166649
493,0.166651,0.166662,0.166685,0.166667,0.166687,0.166649
494,0.166650,0.166662,0.166685,0.166668,0.166687,0.166648
495,0.166649,0.166661,0.166684,0.166669,0.166688,0.166649
496,0.166649,0.166662,0.166685,0.166668,0.166687,0.166650
497,0.166649,0.166661,0.166685,0.166668,0.166687,0.166650
498,0.166649,0.166660,0.166684,0.166668,0.166688,0.166651
499,0.166648,0.166661,0.166685,0.166669,0.166687,0.166650
500,0.166649,0.166661,0.166684,0.166668,0.166686,0.166651
501,0.166648,0.166661,0.166683,0.166669,0.166686,0.166653
502,0.166648,0.166660,0.166682,0.166670,0.166686,0.166653
503,0.166648,0.166659,0.166681,0.166670,0.166687,0.166655
504,0.166647,0.166659,0.166681,0.166670,0.166687,0.166655
505,0.166646,0.166659,0.166683,0.166670,0.166687,0.166655
506,0.166646,0.166660,0.166682,0.166671,0.166686,0.166655
507,0.166646,0.166660,0.166683,0.166670,0.166687,0.166655
508,0.166648,0.166660,0.166681,0.166671,0.166685,0.166655
509,0.166647,0.166661,0.166680,0.166672,0.166684,0.166655
510,0.166647,0.166660,0.166680,0.166673,0.166685,0.166656
511,0.166649,0.166660,0.166678,0.166673,0.166685,0.166655
512,0.166648,0.166662,0.166679,0.166673,0.166683,0.166655
513,0.166648,0.166663,0.166678,0.166674,0.166683,0.166654
514,0.166648,0.166663,0.166679,0.166674,0.166682,0.166655
515,0.166647,0.166663,0.166679,0.166673,0.166683,0.166655
516,0.166649,0.166663,0.166677,0.166673,0.166683,0.166655
517,0.166650,0.166663,0.166677,0.166673,0.166683,0.166655
518,0.166649,0.166663,0.166677,0.166673,0.166684,0.166654
519,0.166648,0.166662,0.166678,0.166674,0.166683,0.166654
520,0.166648,0.166661,0.166679,0.166674,0.166683,0.166655
521,0.166647,0.166662,0.166678,0.166674,0.166684,0.166655
522,0.166648,0.166661,0.166678,0.166674,0.166684,0.166655
523,0.166647,0.166661,0.166678,0.166674,0.166685,0.166656
524,0.166647,0.166661,0.166678,0.166673,0.166686,0.166655
525,0.166646,0.166661,0.166678,0.166674,0.166686,0.166656
526,0.166646,0.166662,0.166678,0.166673,0.166686,0.166655
527,0.166646,0.166662,0.166678,0.166673,0.166686,0.166654
528,0.166646,0.166662,0.166678,0.166674,0.166686,0.166654
529,0.166646,0.166662,0.166678,0.166673,0.166686,0.166655
530,0.166646,0.166664,0.166675,0.166675,0.166685,0.166656
531,0.166646,0.166665,0.166675,0.166676,0.166684,0.166655
532,0.166646,0.166666,0.166675,0.166676,0.166684,0.166654
533,0.166645,0.166666,0.166675,0.166675,0.166684,0.166655
534,0.166646,0.166666,0.166675,0.166675,0.166684,0.166654
535,0.166647,0.166665,0.166675,0.166674,0.166683,0.166655
536,0.166647,0.166664,0.166674,0.166674,0.166683,0.166657
537,0.166646,0.166664,0.166674,0.166675,0.166683,0.166657
538,0.166646,0.166664,0.166674,0.166676,0.166683,0.166657
539,0.166645,0.166663,0.166675,0.166677,0.166683,0.166657
540,0.166645,0.166663,0.166675,0.166677,0.166684,0.166657
541,0.166645,0.166663,0.166674,0.166677,0.166684,0.166657
542,0.166644,0.166664,0.166674,0.166677,0.166684,0.166658
543,0.166644,0.166664,0.166674,0.166676,0.166684,0.166657
544,0.166644,0.166663,0.166674,0.166677,0.166684,0.166658
545,0.166644,0.166664,0.166674,0.166676,0.166684,0.166658
546,0.166644,0.166663,0.166674,0.166676,0.166684,0.166658
547,0.166645,0.166663,0.166673,0.166675,0.166684,0.166659
548,0.166645,0.166663,0.166673,0.166675,0.166685,0.166659
549,0.166645,0.166664,0.166672,0.166675,0.166685,0.166660
550,0.166645,0.166663,0.166671,0.166676,0.166685,0.166659
551,0.166645,0.166662,0.166671,0.166677,0.166685,0.166659
552,0.166646,0.166662,0.166671,0.166678,0.166685,0.166658
553,0.166646,0.166661,0.166671,0.166678,0.166686,0.166658
554,0.166645,0.166660,0.166672,0.166679,0.166686,0.166658
555,0.166646,0.166661,0.166672,0.166680,0.166685,0.166657
556,0.166646,0.166660,0.166671,0.166681,0.166685,0.166657
557,0.166646,0.166660,0.166670,0.166681,0.166686,0.166657
558,0.166646,0.166660,0.166671,0.166680,0.166685,0.166658
559,0.166647,0.166659,0.166671,0.166680,0.166686,0.166658
560,0.166647,0.166660,0.166672,0.166679,0.166685,0.166657
561,0.166645,0.166659,0.166673,0.166680,0.166687,0.166657
562,0.166645,0.166660,0.166673,0.166681,0.166686,0.166656
563,0.166644,0.166661,0.166672,0.166681,0.166686,0.166656
564,0.166644,0.166661,0.166672,0.166681,0.166686,0.166657
565,0.166643,0.166661,0.166672,0.166680,0.166687,0.166657
566,0.166644,0.166662,0.166673,0.166679,0.166686,0.166656
567,0.166644,0.166663,0.166673,0.166678,0.166686,0.166656
568,0.166644,0.166663,0.166673,0.166679,0.166684,0.166656
569,0.166643,0.166664,0.166673,0.166680,0.166685,0.166656
570,0.166643,0.166663,0.166673,0.166681,0.166683,0.166657
571,0.166644,0.166663,0.166672,0.166680,0.166683,0.166658
572,0.166644,0.166663,0.166671,0.166681,0.166684,0.166658
573,0.166643,0.166662,0.166671,0.166681,0.166684,0.166659
574,0.166644,0.166662,0.166671,0.166680,0.166684,0.166660
575,0.166644,0.166663,0.166672,0.166679,0.166683,0.166659
576,0.166644,0.166663,0.166672,0.166680,0.166682,0.166660
577,0.166644,0.166663,0.166672,0.166680,0.166682,0.166660
578,0.166644,0.166662,0.166672,0.166679,0.166683,0.166661
579,0.166644,0.166664,0.166673,0.166679,0.166681,0.166661
580,0.166643,0.166664,0.166672,0.166680,0.166681,0.166661
581,0.166642,0.166663,0.166672,0.166679,0.166682,0.166661
582,0.166643,0.166663,0.166672,0.166680,0.166682,0.166661
583,0.166644,0.166662,0.166672,0.166680,0.166682,0.166661
584,0.166644,0.166662,0.166672,0.166679,0.166682,0.166661
585,0.166645,0.166662,0.166671,0.166680,0.166682,0.166661
586,0.166644,0.166661,0.166672,0.166679,0.166683,0.166661
587,0.166644,0.166662,0.166672,0.166678,0.166683,0.166661
588,0.166644,0.166663,0.166672,0.166678,0.166682,0.166661
589,0.166644,0.166664,0.166672,0.166677,0.166682,0.166661
590,0.166645,0.166664,0.166672,0.166677,0.166682,0.166661
591,0.166644,0.166663,0.166671,0.166679,0.166681,0.166662
592,0.166645,0.166663,0.166672,0.166679,0.166680,0.166662
593,0.166646,0.166663,0.166671,0.166679,0.166680,0.166661
594,0.166646,0.166662,0.166671,0.166679,0.166680,0.166661
595,0.166646,0.166662,0.166671,0.166680,0.166681,0.166660
596,0.166646,0.166661,0.166672,0.166680,0.166681,0.166660
597,0.166646,0.166661,0.166672,0.166679,0.166682,0.166660
598,0.166647,0.166661,0.166672,0.166679,0.166681,0.166660
599,0.166646,0.166662,0.166672,0.166678,0.166681,0.166660
600,0.166647,0.166664,0.166671,0.166678,0.166682,0.166659
601,0.166648,0.166663,0.166671,0.166677,0.166682,0.166660
602,0.166647,0.166662,0.166671,0.166678,0.166682,0.166660
603,0.166647,0.166662,0.166670,0.166678,0.166683,0.166661
604,0.166647,0.166661,0.166671,0.166678,0.166683,0.166660
605,0.166647,0.166661,0.166670,0.166678,0.166684,0.166660
606,0.166648,0.166660,0.166670,0.166678,0.166684,0.166660
607,0.166648,0.166661,0.166669,0.166678,0.166684,0.166660
608,0.166647,0.166661,0.166669,0.166678,0.166684,0.166660
609,0.166647,0.166662,0.166669,0.166678,0.166683,0.166660
610,0.166648,0.166662,0.166668,0.166678,0.166683,0.166661
611,0.166649,0.166661,0.166668,0.166678,0.166683,0.166661
612,0.166647,0.166661,0.166669,0.166679,0.166683,0.166661
613,0.166647,0.166661,0.166668,0.166679,0.166684,0.166661
614,0.166647,0.166660,0.166667,0.166679,0.166684,0.166663
615,0.166648,0.166660,0.166667,0.166677,0.166684,0.166663
616,0.166649,0.166660,0.166667,0.166677,0.166684,0.166663
617,0.166651,0.166660,0.166667,0.166676,0.166684,0.166662
618,0.166651,0.166661,0.166666,0.166676,0.166683,0.166663
619,0.166651,0.166661,0.166666,0.166676,0.166682,0.166663
620,0.166652,0.166661,0.166666,0.166677,0.166681,0.166663
621,0.166651,0.166661,0.166667,0.166676,0.166680,0.166665
622,0.166650,0.166662,0.166666,0.166677,0.166681,0.166664
623,0.166650,0.166663,0.166666,0.166676,0.166680,0.166665
624,0.166650,0.166663,0.166668,0.166676,0.166680,0.166663
625,0.166650,0.166664,0.166668,0.166676,0.166680,0.166663
626,0.166649,0.166665,0.166669,0.166675,0.166679,0.166663
627,0.166647,0.166665,0.166669,0.166675,0.166680,0.166664
628,0.166648,0.166664,0.166669,0.166675,0.166679,0.166663
629,0.166649,0.166664,0.166669,0.166675,0.166679,0.166663
630,0.166650,0.166665,0.166670,0.166675,0.166678,0.166663
631,0.166650,0.166665,0.166670,0.166674,0.166679,0.166662
632,0.166650,0.166665,0.166671,0.166673,0.166679,0.166662
633,0.166650,0.166665,0.166671,0.166674,0.166679,0.166662
634,0.166650,0.166666,0.166671,0.166673,0.166679,0.166662
635,0.166650,0.166665,0.166671,0.166673,0.166680,0.166661
636,0.166650,0.166666,0.166671,0.166673,0.166679,0.166661
637,0.166650,0.166667,0.166670,0.166673,0.166679,0.166660
638,0.166650,0.166667,0.166670,0.166674,0.166679,0.166660
639,0.166650,0.166666,0.166670,0.166674,0.166680,0.166660
640,0.166650,0.166665,0.166671,0.166675,0.166680,0.166659
641,0.166648,0.166666,0.166670,0.166674,0.166681,0.166661
642,0.166648,0.166666,0.166670,0.166673,0.166681,0.166661
643,0.166649,0.166666,0.166670,0.166674,0.166681,0.166661
644,0.166649,0.166667,0.166670,0.166674,0.166681,0.166660
645,0.166649,0.166667,0.166669,0.166675,0.166680,0.166660
646,0.166649,0.166667,0.166669,0.166674,0.166680,0.166660
647,0.166648,0.166668,0.166669,0.166674,0.166680,0.166661
648,0.166648,0.166667,0.166669,0.166675,0.166681,0.166660
649,0.166649,0.166667,0.166670,0.166674,0.166681,0.166661
650,0.166649,0.166667,0.166670,0.166674,0.166681,0.166660
651,0.166649,0.166667,0.166670,0.166674,0.166681,0.166660
652,0.166649,0.166667,0.166670,0.166674,0.166679,0.166660
653,0.166649,0.166668,0.166670,0.166674,0.166680,0.166660
654,0.166649,0.166669,0.166669,0.166675,0.166679,0.166659
655,0.166647,0.166669,0.166669,0.166676,0.166679,0.166660
656,0.166647,0.166669,0.166669,0.166677,0.166678,0.166660
657,0.166648,0.166670,0.166668,0.166677,0.166678,0.166659
658,0.166648,0.166669,0.166669,0.166677,0.166678,0.166659
659,0.166648,0.166670,0.166668,0.166677,0.166678,0.166659
660,0.166649,0.166671,0.166667,0.166676,0.166679,0.166658
661,0.166648,0.166672,0.166667,0.166676,0.166679,0.166658
662,0.166648,0.166673,0.166666,0.166676,0.166679,0.166659
663,0.166648,0.166674,0.166666,0.166676,0.166678,0.166658
664,0.166648,0.166674,0.166666,0.166676,0.166678,0.166657
665,0.166648,0.166674,0.166666,0.166676,0.166678,0.166658
666,0.166649,0.166674,0.166666,0.166676,0.166678,0.166657
667,0.166650,0.166674,0.166666,0.166675,0.166677,0.166658
668,0.166650,0.166674,0.166665,0.166676,0.166677,0.166658
669,0.166650,0.166673,0.166666,0.166676,0.166676,0.166658
670,0.166650,0.166672,0.166666,0.166677,0.166677,0.166659
671,0.166650,0.166672,0.166666,0.166677,0.166677,0.166658
672,0.166651,0.166673,0.166666,0.166676,0.166676,0.166658
673,0.166651,0.166673,0.166667,0.166676,0.166676,0.166658
674,0.166651,0.166673,0.166666,0.166676,0.166676,0.166657
675,0.166651,0.166673,0.166666,0.166676,0.166676,0.166658
676,0.166651,0.166673,0.166665,0.166677,0.166675,0.166659
677,0.166650,0.166673,0.166666,0.166677,0.166676,0.166659
678,0.166649,0.166673,0.166665,0.166676,0.166676,0.166660
679,0.166649,0.166672,0.166666,0.166677,0.166676,0.166660
680,0.166649,0.166672,0.166666,0.166676,0.166676,0.166660
681,0.166649,0.166672,0.166666,0.166676,0.166676,0.166659
682,0.166650,0.166672,0.166666,0.166676,0.166676,0.166660
683,0.166650,0.166672,0.166665,0.166677,0.166676,0.166660
684,0.166651,0.166672,0.166665,0.166677,0.166676,0.166660
685,0.166651,0.166672,0.166665,0.166676,0.166676,0.166660
686,0.166651,0.166673,0.166666,0.166676,0.166675,0.166660
687,0.166651,0.166674,0.166665,0.166676,0.166675,0.166660
688,0.166651,0.166674,0.166665,0.166675,0.166675,0.166661
689,0.166652,0.166674,0.166664,0.166675,0.166674,0.166661
690,0.166651,0.166673,0.166665,0.166675,0.166674,0.166661
691,0.166652,0.166672,0.166664,0.166675,0.166674,0.166662
